,MSR_Sample_Average,MSR_Sample_Implied,MSR_CCM_Average,MSR_CCM_Implied,MSR_Shrinage_Average,MSR_Shrinage_Implied,GMV_Sample,GMV_CCM,GMV_Shrinage,EW,CW,ERC_Sample,ERC_CCM,ERC_Shrinage
1COV.DE,0.0,0.0,0.0,0.0,0.0,0.0,0.013,0.0,0.0,0.029,0.007,0.022,0.022,0.022
ADS.DE,0.0,0.0,0.0,0.0,0.0,0.0,0.0,0.0,0.0,0.029,0.025,0.028,0.027,0.028
AIR.DE,0.0,0.0,0.0,0.0,0.0,0.0,0.0,0.0,0.0,0.029,0.066,0.017,0.021,0.019
ALV.DE,0.0,0.0,0.0,0.0,0.0,0.0,0.0,0.0,0.0,0.029,0.071,0.022,0.03,0.026
BAS.DE,0.0,0.0,0.0,0.0,0.0,0.0,0.0,0.0,0.0,0.029,0.025,0.021,0.028,0.024
BAYN.DE,0.0,0.0,0.0,0.0,0.0,0.0,0.0,0.0,0.0,0.029,0.017,0.026,0.028,0.027
BEI.DE,0.0,0.0,0.0,0.0,0.0,0.0,0.321,0.27,0.263,0.029,0.018,0.072,0.046,0.057
BMW.DE,0.0,0.0,0.0,0.0,0.0,0.0,0.031,0.0,0.0,0.029,0.029,0.024,0.028,0.026
BNR.DE,0.0,0.0,0.0,0.0,0.0,0.0,0.041,0.072,0.085,0.029,0.006,0.032,0.037,0.034
CBK.DE,0.0,1.0,0.0,1.0,0.0,1.0,0.0,0.0,0.0,0.029,0.012,0.017,0.018,0.018
CON.DE,0.0,0.0,0.0,0.0,0.0,0.0,0.0,0.0,0.0,0.029,0.007,0.019,0.024,0.021
DB1.DE,0.103,0.0,0.156,0.0,0.13,0.0,0.118,0.123,0.134,0.029,0.024,0.043,0.04,0.042
DBK.DE,0.0,0.0,0.0,0.0,0.0,0.0,0.027,0.0,0.0,0.029,0.018,0.02,0.021,0.02
DTE.DE,0.0,0.0,0.0,0.0,0.0,0.0,0.02,0.118,0.083,0.029,0.085,0.039,0.039,0.039
EOAN.DE,0.0,0.0,0.0,0.0,0.0,0.0,0.0,0.0,0.0,0.029,0.023,0.031,0.031,0.032
FRE.DE,0.0,0.0,0.0,0.0,0.0,0.0,0.0,0.0,0.0,0.029,0.012,0.026,0.028,0.027
HEI.DE,0.0,0.0,0.0,0.0,0.0,0.0,0.0,0.0,0.0,0.029,0.011,0.02,0.028,0.023
HEN3.DE,0.315,0.0,0.259,0.0,0.283,0.0,0.123,0.156,0.135,0.029,0.02,0.047,0.041,0.044
HNR1.DE,0.0,0.0,0.0,0.0,0.0,0.0,0.019,0.065,0.055,0.029,0.02,0.033,0.036,0.035
IFX.DE,0.0,0.0,0.0,0.0,0.0,0.0,0.0,0.0,0.0,0.029,0.024,0.016,0.021,0.018
MBG.DE,0.0,0.0,0.0,0.0,0.0,0.0,0.0,0.0,0.0,0.029,0.038,0.021,0.026,0.023
MRK.DE,0.0,0.0,0.0,0.0,0.0,0.0,0.0,0.025,0.013,0.029,0.046,0.035,0.033,0.035
MTX.DE,0.0,0.0,0.0,0.0,0.0,0.0,0.0,0.0,0.0,0.029,0.01,0.02,0.022,0.021
MUV2.DE,0.0,0.0,0.0,0.0,0.0,0.0,0.04,0.028,0.03,0.029,0.041,0.03,0.034,0.032
PAH3.DE,0.0,0.0,0.0,0.0,0.0,0.0,0.0,0.0,0.0,0.029,0.008,0.021,0.023,0.022
QIA.DE,0.0,0.0,0.0,0.0,0.0,0.0,0.162,0.011,0.091,0.029,0.006,0.046,0.032,0.038
RHM.DE,0.0,0.0,0.0,0.0,0.0,0.0,0.001,0.0,0.0,0.029,0.014,0.026,0.021,0.023
RWE.DE,0.0,0.0,0.0,0.0,0.0,0.0,0.0,0.0,0.0,0.029,0.015,0.027,0.021,0.024
SAP.DE,0.529,0.0,0.585,0.0,0.575,0.0,0.0,0.021,0.0,0.029,0.149,0.029,0.033,0.032
SIE.DE,0.0,0.0,0.0,0.0,0.0,0.0,0.0,0.0,0.0,0.029,0.082,0.024,0.031,0.028
SRT3.DE,0.053,0.0,0.0,0.0,0.012,0.0,0.004,0.0,0.0,0.029,0.009,0.031,0.019,0.024
SY1.DE,0.0,0.0,0.0,0.0,0.0,0.0,0.013,0.111,0.088,0.029,0.011,0.043,0.039,0.042
VNA.DE,0.0,0.0,0.0,0.0,0.0,0.0,0.066,0.0,0.023,0.029,0.017,0.038,0.03,0.034
VOW3.DE,0.0,0.0,0.0,0.0,0.0,0.0,0.0,0.0,0.0,0.029,0.03,0.02,0.023,0.022
ZAL.DE,0.0,0.0,0.0,0.0,0.0,0.0,0.0,0.0,0.0,0.029,0.004,0.018,0.017,0.018
