,MSR_Sample_Average,MSR_Sample_Implied,MSR_CCM_Average,MSR_CCM_Implied,MSR_Shrinage_Average,MSR_Shrinage_Implied,GMV_Sample,GMV_CCM,GMV_Shrinage,EW,CW,ERC_Sample,ERC_CCM,ERC_Shrinage
MSFT,0.102,0.0,0.0,0.0,0.048,0.0,0.032,0.001,0.024,0.043,0.275,0.039,0.04,0.04
HD,0.0,0.0,0.0,0.0,0.0,0.0,0.0,0.014,0.017,0.043,0.033,0.038,0.042,0.04
CAT,0.0,0.0,0.0,0.0,0.0,0.0,0.0,0.0,0.0,0.043,0.014,0.032,0.038,0.035
AMGN,0.0,0.0,0.0,0.0,0.0,0.0,0.039,0.0,0.005,0.043,0.016,0.043,0.035,0.039
MCD,0.022,0.0,0.111,0.0,0.074,0.0,0.034,0.077,0.059,0.043,0.018,0.046,0.05,0.048
AXP,0.0,0.0,0.0,0.0,0.0,0.0,0.0,0.0,0.0,0.043,0.016,0.032,0.034,0.033
AAPL,0.0,1.0,0.0,1.0,0.0,1.0,0.014,0.0,0.0,0.043,0.282,0.035,0.028,0.031
TRV,0.0,0.0,0.0,0.0,0.0,0.0,0.008,0.025,0.02,0.043,0.005,0.041,0.043,0.042
JPM,0.0,0.0,0.0,0.0,0.0,0.0,0.0,0.0,0.0,0.043,0.05,0.032,0.035,0.033
HON,0.0,0.0,0.0,0.0,0.0,0.0,0.0,0.023,0.0,0.043,0.011,0.035,0.043,0.039
IBM,0.0,0.0,0.0,0.0,0.0,0.0,0.053,0.027,0.045,0.043,0.017,0.042,0.044,0.043
BA,0.0,0.0,0.0,0.0,0.0,0.0,0.08,0.003,0.04,0.043,0.008,0.048,0.04,0.044
PG,0.801,0.0,0.75,0.0,0.79,0.0,0.125,0.133,0.121,0.043,0.036,0.058,0.056,0.057
JNJ,0.0,0.0,0.0,0.0,0.0,0.0,0.056,0.111,0.087,0.043,0.034,0.052,0.053,0.053
CVX,0.0,0.0,0.0,0.0,0.0,0.0,0.144,0.08,0.114,0.043,0.022,0.055,0.05,0.053
MMM,0.0,0.0,0.0,0.0,0.0,0.0,0.029,0.107,0.077,0.043,0.006,0.045,0.053,0.049
MRK,0.0,0.0,0.0,0.0,0.0,0.0,0.004,0.038,0.024,0.043,0.026,0.047,0.045,0.046
DIS,0.0,0.0,0.0,0.0,0.0,0.0,0.043,0.058,0.053,0.043,0.014,0.041,0.047,0.044
NKE,0.075,0.0,0.091,0.0,0.089,0.0,0.0,0.0,0.0,0.043,0.01,0.035,0.037,0.036
WMT,0.0,0.0,0.0,0.0,0.0,0.0,0.113,0.089,0.098,0.043,0.056,0.052,0.051,0.052
KO,0.0,0.0,0.049,0.0,0.0,0.0,0.111,0.136,0.124,0.043,0.027,0.06,0.056,0.058
VZ,0.0,0.0,0.0,0.0,0.0,0.0,0.117,0.079,0.091,0.043,0.016,0.057,0.05,0.053
INTC,0.0,0.0,0.0,0.0,0.0,0.0,0.0,0.0,0.0,0.043,0.008,0.033,0.032,0.032
