,MSR_Sample_Average,MSR_Sample_Implied,MSR_CCM_Average,MSR_CCM_Implied,MSR_Shrinage_Average,MSR_Shrinage_Implied,GMV_Sample,GMV_CCM,GMV_Shrinage,EW,CW,ERC_Sample,ERC_CCM,ERC_Shrinage
AAF.L,0.0,0.0,0.0,1.0,0.0,1.0,0.0,0.0,0.0,0.02,0.006,0.01,0.008,0.009
ABF.L,0.0,0.0,0.0,0.0,0.0,0.0,0.0,0.0,0.0,0.02,0.021,0.011,0.018,0.014
ADM.L,0.0,0.0,0.0,0.0,0.0,0.0,0.095,0.052,0.087,0.02,0.011,0.029,0.026,0.028
AHT.L,0.185,0.0,0.226,0.0,0.233,0.0,0.0,0.0,0.0,0.02,0.03,0.012,0.018,0.014
AUTO.L,0.0,0.0,0.0,0.0,0.0,0.0,0.0,0.0,0.0,0.02,0.01,0.021,0.02,0.021
AZN.L,0.196,0.0,0.0,0.0,0.032,0.0,0.181,0.167,0.176,0.02,0.238,0.0,0.033,0.059
BDEV.L,0.0,0.0,0.0,0.0,0.0,0.0,0.0,0.0,0.0,0.02,0.009,0.009,0.015,0.011
BEZ.L,0.0,0.0,0.0,0.0,0.0,0.0,0.022,0.0,0.0,0.02,0.006,0.019,0.016,0.017
BKG.L,0.0,0.0,0.0,0.0,0.0,0.0,0.0,0.0,0.0,0.02,0.006,0.013,0.021,0.016
BME.L,0.0,0.0,0.0,0.0,0.0,0.0,0.0,0.0,0.0,0.02,0.005,0.012,0.019,0.015
BNZL.L,0.0,0.0,0.0,0.0,0.009,0.0,0.0,0.048,0.014,0.02,0.016,0.034,0.026,0.031
BRBY.L,0.0,0.0,0.0,0.0,0.0,0.0,0.0,0.0,0.0,0.02,0.003,0.014,0.019,0.016
CCH.L,0.0,0.0,0.0,0.0,0.0,0.0,0.0,0.0,0.0,0.02,0.013,0.016,0.02,0.018
CNA.L,0.0,0.0,0.0,0.0,0.0,0.0,0.023,0.0,0.001,0.02,0.008,0.02,0.02,0.019
DPLM.L,0.0,0.0,0.0,0.0,0.0,0.0,0.0,0.0,0.0,0.02,0.008,0.019,0.018,0.019
EDV.L,0.0,0.0,0.0,0.0,0.0,0.0,0.086,0.0,0.05,0.02,0.006,0.059,0.021,0.032
ENT.L,0.0,0.0,0.0,0.0,0.0,0.0,0.011,0.0,0.0,0.02,0.006,0.02,0.017,0.018
FCIT.L,0.0,0.0,0.0,0.0,0.0,0.0,0.065,0.053,0.064,0.02,0.006,0.027,0.026,0.026
FRAS.L,0.0,0.0,0.0,0.0,0.0,0.0,0.0,0.0,0.0,0.02,0.005,0.009,0.011,0.01
FRES.L,0.0,0.0,0.0,0.0,0.0,0.0,0.025,0.0,0.0,0.02,0.005,0.046,0.014,0.023
HLMA.L,0.0,0.0,0.0,0.0,0.0,0.0,0.064,0.022,0.039,0.02,0.013,0.031,0.024,0.027
HSBA.L,0.321,0.0,0.324,0.0,0.379,0.0,0.016,0.001,0.017,0.02,0.154,0.022,0.022,0.021
HWDN.L,0.0,0.0,0.0,0.0,0.0,0.0,0.0,0.0,0.0,0.02,0.007,0.013,0.019,0.015
ICG.L,0.0,1.0,0.0,0.0,0.0,0.0,0.0,0.0,0.0,0.02,0.009,0.007,0.013,0.01
III.L,0.0,0.0,0.05,0.0,0.0,0.0,0.0,0.0,0.0,0.02,0.04,0.013,0.022,0.016
IMI.L,0.0,0.0,0.0,0.0,0.0,0.0,0.0,0.0,0.0,0.02,0.006,0.014,0.02,0.016
INF.L,0.0,0.0,0.0,0.0,0.0,0.0,0.0,0.0,0.0,0.02,0.014,0.016,0.02,0.017
KGF.L,0.278,0.0,0.295,0.0,0.323,0.0,0.0,0.0,0.0,0.02,0.007,0.015,0.02,0.018
LAND.L,0.0,0.0,0.0,0.0,0.0,0.0,0.0,0.0,0.0,0.02,0.006,0.01,0.016,0.013
LGEN.L,0.0,0.0,0.0,0.0,0.0,0.0,0.0,0.0,0.0,0.02,0.017,0.01,0.018,0.013
LMP.L,0.0,0.0,0.0,0.0,0.0,0.0,0.0,0.0,0.0,0.02,0.005,0.015,0.019,0.016
LSEG.L,0.0,0.0,0.0,0.0,0.0,0.0,0.088,0.062,0.089,0.02,0.071,0.062,0.027,0.037
MKS.L,0.0,0.0,0.0,0.0,0.0,0.0,0.0,0.0,0.0,0.02,0.009,0.009,0.014,0.011
MNDI.L,0.0,0.0,0.0,0.0,0.0,0.0,0.0,0.03,0.001,0.02,0.008,0.018,0.025,0.021
MRO.L,0.0,0.0,0.0,0.0,0.0,0.0,0.0,0.0,0.0,0.02,0.008,0.01,0.013,0.011
NXT.L,0.0,0.0,0.031,0.0,0.0,0.0,0.0,0.0,0.0,0.02,0.016,0.012,0.02,0.015
PHNX.L,0.0,0.0,0.0,0.0,0.0,0.0,0.031,0.08,0.064,0.02,0.007,0.025,0.028,0.026
PRU.L,0.0,0.0,0.0,0.0,0.0,0.0,0.0,0.0,0.0,0.02,0.021,0.01,0.016,0.013
PSON.L,0.02,0.0,0.0,0.0,0.0,0.0,0.045,0.0,0.018,0.02,0.009,0.039,0.021,0.027
RKT.L,0.0,0.0,0.0,0.0,0.0,0.0,0.107,0.165,0.14,0.02,0.041,0.07,0.033,0.045
SBRY.L,0.0,0.0,0.0,0.0,0.0,0.0,0.0,0.022,0.0,0.02,0.009,0.015,0.024,0.019
SDR.L,0.0,0.0,0.0,0.0,0.0,0.0,0.0,0.0,0.0,0.02,0.007,0.017,0.014,0.016
SMDS.L,0.0,0.0,0.0,0.0,0.0,0.0,0.006,0.008,0.012,0.02,0.008,0.018,0.023,0.02
SMIN.L,0.0,0.0,0.0,0.0,0.0,0.0,0.087,0.09,0.096,0.02,0.008,0.02,0.029,0.025
SMT.L,0.0,0.0,0.0,0.0,0.0,0.0,0.0,0.0,0.0,0.02,0.013,0.019,0.021,0.021
SPX.L,0.0,0.0,0.0,0.0,0.0,0.0,0.0,0.0,0.0,0.02,0.007,0.02,0.021,0.021
SSE.L,0.0,0.0,0.0,0.0,0.0,0.0,0.0,0.037,0.024,0.02,0.028,0.021,0.025,0.024
STAN.L,0.0,0.0,0.074,0.0,0.023,0.0,0.0,0.0,0.0,0.02,0.024,0.013,0.015,0.014
SVT.L,0.0,0.0,0.0,0.0,0.0,0.0,0.048,0.163,0.107,0.02,0.01,0.036,0.033,0.034
