,MSR_Sample_Average,MSR_Sample_Implied,MSR_CCM_Average,MSR_CCM_Implied,MSR_Shrinage_Average,MSR_Shrinage_Implied,GMV_Sample,GMV_CCM,GMV_Shrinage,EW,CW,ERC_Sample,ERC_CCM,ERC_Shrinage
0101.HK,0.0,0.0,0.0,0.0,0.0,0.0,0.0,0.0,0.0,0.053,0.005,0.031,0.037,0.034
1038.HK,0.0,0.0,0.0,0.0,0.0,0.0,0.013,0.033,0.025,0.053,0.03,0.07,0.056,0.064
1044.HK,0.0,0.0,0.0,0.0,0.0,0.0,0.068,0.0,0.038,0.053,0.005,0.056,0.042,0.049
1109.HK,0.0,0.0,0.0,0.0,0.0,0.0,0.0,0.0,0.0,0.053,0.028,0.03,0.035,0.033
0011.HK,0.0,0.0,0.0,0.0,0.0,0.0,0.0,0.062,0.034,0.053,0.035,0.05,0.063,0.056
0012.HK,0.0,0.0,0.0,0.0,0.0,0.0,0.0,0.01,0.0,0.053,0.024,0.035,0.05,0.041
0016.HK,0.0,0.0,0.0,0.0,0.0,0.0,0.068,0.039,0.048,0.053,0.048,0.051,0.058,0.054
0017.HK,0.0,0.0,0.0,0.0,0.0,0.0,0.0,0.0,0.0,0.053,0.004,0.028,0.039,0.033
0001.HK,0.0,0.0,0.0,0.0,0.0,0.0,0.021,0.079,0.064,0.053,0.033,0.051,0.066,0.058
0267.HK,0.0,0.0,0.0,0.0,0.0,0.0,0.018,0.0,0.003,0.053,0.045,0.041,0.04,0.041
0027.HK,0.0,1.0,0.0,1.0,0.0,1.0,0.016,0.0,0.0,0.053,0.026,0.033,0.026,0.029
0291.HK,0.0,0.0,0.0,0.0,0.0,0.0,0.006,0.0,0.0,0.053,0.015,0.036,0.037,0.037
0002.HK,0.0,0.0,0.0,0.0,0.0,0.0,0.202,0.192,0.194,0.053,0.037,0.101,0.083,0.093
0322.HK,0.0,0.0,0.0,0.0,0.0,0.0,0.031,0.0,0.005,0.053,0.012,0.044,0.032,0.038
0003.HK,0.0,0.0,0.0,0.0,0.0,0.0,0.0,0.089,0.05,0.053,0.024,0.052,0.068,0.06
0005.HK,1.0,0.0,1.0,0.0,1.0,0.0,0.314,0.329,0.332,0.053,0.256,0.086,0.099,0.093
0688.HK,0.0,0.0,0.0,0.0,0.0,0.0,0.0,0.0,0.0,0.053,0.024,0.033,0.037,0.036
0006.HK,0.0,0.0,0.0,0.0,0.0,0.0,0.128,0.111,0.116,0.053,0.024,0.091,0.071,0.082
0941.HK,0.0,0.0,0.0,0.0,0.0,0.0,0.115,0.055,0.09,0.053,0.325,0.08,0.061,0.07
