,MSR_Sample_Average,MSR_Sample_Implied,MSR_CCM_Average,MSR_CCM_Implied,MSR_Shrinage_Average,MSR_Shrinage_Implied,GMV_Sample,GMV_CCM,GMV_Shrinage,EW,CW,ERC_Sample,ERC_CCM,ERC_Shrinage
AAPL,0.0,0.0,0.0,0.0,0.0,0.0,0.02,0.0,0.003,0.042,0.354,0.031,0.033,0.032
MSFT,0.0,0.0,0.0,0.0,0.0,0.0,0.078,0.045,0.068,0.042,0.346,0.04,0.047,0.043
COST,0.047,0.0,0.081,0.0,0.067,0.0,0.062,0.051,0.066,0.042,0.044,0.044,0.048,0.046
ADBE,0.0,0.0,0.0,0.0,0.0,0.0,0.0,0.0,0.0,0.042,0.026,0.026,0.03,0.028
PEP,0.496,0.0,0.517,0.0,0.52,0.0,0.155,0.128,0.143,0.042,0.026,0.081,0.058,0.069
AMD,0.0,1.0,0.0,1.0,0.0,1.0,0.0,0.0,0.0,0.042,0.027,0.021,0.022,0.021
TXN,0.0,0.0,0.0,0.0,0.0,0.0,0.046,0.0,0.02,0.042,0.019,0.029,0.037,0.032
AMGN,0.0,0.0,0.0,0.0,0.0,0.0,0.04,0.017,0.026,0.042,0.02,0.049,0.042,0.045
AMAT,0.0,0.0,0.0,0.0,0.0,0.0,0.0,0.0,0.0,0.042,0.017,0.023,0.029,0.026
CMCSA,0.0,0.0,0.0,0.0,0.0,0.0,0.008,0.015,0.011,0.042,0.017,0.038,0.042,0.04
HON,0.0,0.0,0.0,0.0,0.0,0.0,0.005,0.073,0.049,0.042,0.014,0.04,0.051,0.046
ADI,0.0,0.0,0.0,0.0,0.0,0.0,0.0,0.0,0.0,0.042,0.012,0.026,0.033,0.029
ADP,0.258,0.0,0.322,0.0,0.301,0.0,0.096,0.137,0.122,0.042,0.012,0.052,0.059,0.056
MU,0.0,0.0,0.0,0.0,0.0,0.0,0.0,0.0,0.0,0.042,0.011,0.022,0.025,0.023
INTC,0.0,0.0,0.0,0.0,0.0,0.0,0.0,0.0,0.008,0.042,0.01,0.029,0.038,0.033
CSX,0.0,0.0,0.0,0.0,0.0,0.0,0.003,0.062,0.039,0.042,0.007,0.038,0.049,0.044
ADSK,0.099,0.0,0.052,0.0,0.075,0.0,0.001,0.0,0.0,0.042,0.006,0.025,0.03,0.027
AEP,0.0,0.0,0.0,0.0,0.0,0.0,0.178,0.206,0.181,0.042,0.006,0.081,0.066,0.074
ROST,0.0,0.0,0.0,0.0,0.0,0.0,0.024,0.0,0.0,0.042,0.006,0.038,0.032,0.035
PCAR,0.006,0.0,0.028,0.0,0.02,0.0,0.0,0.0,0.0,0.042,0.005,0.03,0.038,0.034
EXC,0.076,0.0,0.0,0.0,0.014,0.0,0.148,0.133,0.132,0.042,0.004,0.083,0.059,0.07
CCEP,0.019,0.0,0.0,0.0,0.003,0.0,0.07,0.025,0.051,0.042,0.004,0.052,0.044,0.048
BKR,0.0,0.0,0.0,0.0,0.0,0.0,0.03,0.0,0.003,0.042,0.004,0.038,0.034,0.036
XEL,0.0,0.0,0.0,0.0,0.0,0.0,0.038,0.11,0.078,0.042,0.004,0.065,0.056,0.062
