,MSR_Sample_Average,MSR_Sample_Implied,MSR_CCM_Average,MSR_CCM_Implied,MSR_Shrinage_Average,MSR_Shrinage_Implied,GMV_Sample,GMV_CCM,GMV_Shrinage,EW,CW,ERC_Sample,ERC_CCM,ERC_Shrinage
AAPL,0.0,0.0,0.0,0.0,0.0,0.0,0.0,0.0,0.0,0.005,0.133,0.004,0.003,0.004
MSFT,0.0,0.0,0.0,0.0,0.0,0.0,0.042,0.0,0.016,0.005,0.13,0.006,0.005,0.005
LLY,0.0,0.0,0.0,0.0,0.0,0.0,0.007,0.0,0.0,0.005,0.034,0.006,0.005,0.006
JPM,0.0,0.0,0.0,0.0,0.0,0.0,0.0,0.0,0.0,0.005,0.024,0.004,0.004,0.004
XOM,0.0,0.0,0.0,0.0,0.0,0.0,0.111,0.046,0.094,0.005,0.02,0.008,0.007,0.007
PG,0.136,0.0,0.193,0.0,0.169,0.0,0.006,0.043,0.022,0.005,0.017,0.007,0.007,0.007
JNJ,0.0,0.0,0.0,0.0,0.0,0.0,0.0,0.03,0.005,0.005,0.016,0.007,0.007,0.007
COST,0.0,0.0,0.0,0.0,0.0,0.0,0.0,0.0,0.0,0.005,0.016,0.005,0.005,0.005
HD,0.0,0.0,0.0,0.0,0.0,0.0,0.0,0.0,0.0,0.005,0.015,0.004,0.005,0.005
WMT,0.0,0.0,0.0,0.0,0.0,0.0,0.047,0.017,0.043,0.005,0.026,0.007,0.006,0.007
MRK,0.0,0.0,0.0,0.0,0.0,0.0,0.0,0.0,0.0,0.005,0.012,0.006,0.006,0.006
KO,0.0,0.0,0.0,0.0,0.0,0.0,0.007,0.044,0.036,0.005,0.013,0.007,0.007,0.007
BAC,0.0,0.0,0.0,0.0,0.0,0.0,0.0,0.0,0.0,0.005,0.012,0.003,0.004,0.003
ADBE,0.0,0.0,0.0,0.0,0.0,0.0,0.0,0.0,0.0,0.005,0.01,0.004,0.003,0.003
CVX,0.0,0.0,0.0,0.0,0.0,0.0,0.0,0.012,0.02,0.005,0.01,0.006,0.006,0.006
PEP,0.146,0.0,0.13,0.0,0.136,0.0,0.0,0.005,0.0,0.005,0.01,0.006,0.006,0.006
AMD,0.0,1.0,0.0,1.0,0.0,1.0,0.0,0.0,0.0,0.005,0.01,0.003,0.002,0.002
TMO,0.0,0.0,0.0,0.0,0.0,0.0,0.0,0.0,0.0,0.005,0.009,0.004,0.005,0.005
ORCL,0.0,0.0,0.0,0.0,0.0,0.0,0.0,0.0,0.0,0.005,0.019,0.004,0.003,0.004
MCD,0.0,0.0,0.0,0.0,0.0,0.0,0.0,0.01,0.009,0.005,0.009,0.006,0.006,0.006
WFC,0.0,0.0,0.0,0.0,0.0,0.0,0.0,0.0,0.0,0.005,0.007,0.004,0.005,0.004
ABT,0.024,0.0,0.03,0.0,0.026,0.0,0.0,0.014,0.011,0.005,0.008,0.007,0.006,0.007
TXN,0.0,0.0,0.0,0.0,0.0,0.0,0.0,0.0,0.0,0.005,0.007,0.004,0.004,0.004
GE,0.0,0.0,0.0,0.0,0.0,0.0,0.0,0.0,0.0,0.005,0.008,0.004,0.005,0.005
IBM,0.0,0.0,0.0,0.0,0.0,0.0,0.017,0.0,0.016,0.005,0.008,0.005,0.005,0.005
AMGN,0.0,0.0,0.0,0.0,0.0,0.0,0.0,0.0,0.0,0.005,0.007,0.006,0.004,0.005
DHR,0.0,0.0,0.0,0.0,0.0,0.0,0.0,0.0,0.0,0.005,0.008,0.004,0.005,0.005
VZ,0.0,0.0,0.0,0.0,0.0,0.0,0.0,0.012,0.01,0.005,0.008,0.007,0.006,0.007
CAT,0.0,0.0,0.0,0.0,0.0,0.0,0.0,0.0,0.0,0.005,0.007,0.003,0.005,0.004
NEE,0.0,0.0,0.0,0.0,0.0,0.0,0.002,0.028,0.019,0.005,0.007,0.008,0.007,0.007
DIS,0.0,0.0,0.0,0.0,0.0,0.0,0.0,0.0,0.015,0.005,0.007,0.005,0.006,0.005
SPGI,0.0,0.0,0.0,0.0,0.0,0.0,0.019,0.0,0.019,0.005,0.007,0.005,0.006,0.006
RTX,0.0,0.0,0.0,0.0,0.0,0.0,0.0,0.006,0.009,0.005,0.006,0.005,0.006,0.005
PFE,0.0,0.0,0.0,0.0,0.0,0.0,0.0,0.0,0.0,0.005,0.007,0.005,0.005,0.005
AMAT,0.0,0.0,0.0,0.0,0.0,0.0,0.0,0.0,0.0,0.005,0.006,0.004,0.003,0.003
CMCSA,0.0,0.0,0.0,0.0,0.0,0.0,0.0,0.0,0.0,0.005,0.006,0.004,0.004,0.004
UNP,0.0,0.0,0.0,0.0,0.0,0.0,0.0,0.0,0.003,0.005,0.006,0.005,0.006,0.005
AXP,0.0,0.0,0.0,0.0,0.0,0.0,0.0,0.0,0.0,0.005,0.008,0.003,0.004,0.004
PGR,0.0,0.0,0.0,0.0,0.0,0.0,0.0,0.0,0.0,0.005,0.006,0.004,0.005,0.004
T,0.0,0.0,0.0,0.0,0.0,0.0,0.0,0.0,0.0,0.005,0.006,0.006,0.006,0.006
LOW,0.0,0.0,0.0,0.0,0.0,0.0,0.0,0.0,0.0,0.005,0.006,0.003,0.004,0.004
HON,0.0,0.0,0.0,0.0,0.0,0.0,0.0,0.0,0.0,0.005,0.005,0.004,0.005,0.004
COP,0.0,0.0,0.0,0.0,0.0,0.0,0.021,0.0,0.011,0.005,0.005,0.005,0.005,0.005
TJX,0.0,0.0,0.0,0.0,0.0,0.0,0.0,0.0,0.0,0.005,0.005,0.005,0.004,0.004
SYK,0.0,0.0,0.0,0.0,0.0,0.0,0.0,0.0,0.0,0.005,0.006,0.004,0.004,0.004
LMT,0.0,0.0,0.0,0.0,0.0,0.0,0.0,0.0,0.0,0.005,0.006,0.005,0.005,0.005
ETN,0.0,0.0,0.0,0.0,0.0,0.0,0.0,0.0,0.0,0.005,0.005,0.003,0.005,0.004
C,0.0,0.0,0.0,0.0,0.0,0.0,0.0,0.0,0.0,0.005,0.005,0.003,0.004,0.003
MDT,0.0,0.0,0.0,0.0,0.0,0.0,0.021,0.0,0.019,0.005,0.005,0.007,0.006,0.006
ADI,0.0,0.0,0.0,0.0,0.0,0.0,0.0,0.0,0.0,0.005,0.004,0.004,0.003,0.003
MMC,0.006,0.0,0.035,0.0,0.024,0.0,0.0,0.0,0.0,0.005,0.005,0.005,0.006,0.005
ADP,0.037,0.0,0.03,0.0,0.032,0.0,0.0,0.009,0.009,0.005,0.005,0.005,0.006,0.006
MU,0.0,0.0,0.0,0.0,0.0,0.0,0.0,0.0,0.0,0.005,0.004,0.003,0.003,0.003
CI,0.0,0.0,0.0,0.0,0.0,0.0,0.0,0.0,0.0,0.005,0.004,0.004,0.004,0.004
BMY,0.0,0.0,0.0,0.0,0.0,0.0,0.0,0.002,0.0,0.005,0.004,0.006,0.006,0.006
NKE,0.0,0.0,0.0,0.0,0.0,0.0,0.0,0.0,0.0,0.005,0.005,0.004,0.004,0.004
BA,0.0,0.0,0.0,0.0,0.0,0.0,0.02,0.0,0.005,0.005,0.004,0.005,0.005,0.005
DE,0.0,0.0,0.0,0.0,0.0,0.0,0.0,0.0,0.0,0.005,0.004,0.004,0.005,0.004
SCHW,0.0,0.0,0.0,0.0,0.0,0.0,0.0,0.0,0.0,0.005,0.005,0.003,0.004,0.003
SO,0.0,0.0,0.0,0.0,0.0,0.0,0.064,0.05,0.044,0.005,0.004,0.009,0.007,0.008
MO,0.0,0.0,0.0,0.0,0.0,0.0,0.0,0.0,0.0,0.005,0.004,0.005,0.005,0.005
CL,0.0,0.0,0.014,0.0,0.0,0.0,0.0,0.009,0.0,0.005,0.004,0.006,0.006,0.006
DUK,0.0,0.0,0.0,0.0,0.0,0.0,0.023,0.031,0.019,0.005,0.004,0.009,0.007,0.008
INTC,0.0,0.0,0.0,0.0,0.0,0.0,0.0,0.0,0.0,0.005,0.004,0.004,0.004,0.004
SHW,0.0,0.0,0.0,0.0,0.0,0.0,0.0,0.0,0.0,0.005,0.004,0.004,0.005,0.005
TT,0.0,0.0,0.0,0.0,0.0,0.0,0.0,0.0,0.0,0.005,0.003,0.003,0.004,0.003
PH,0.0,0.0,0.0,0.0,0.0,0.0,0.0,0.0,0.0,0.005,0.003,0.003,0.004,0.004
EOG,0.0,0.0,0.0,0.0,0.0,0.0,0.0,0.0,0.0,0.005,0.003,0.004,0.004,0.004
AON,0.021,0.0,0.0,0.0,0.004,0.0,0.0,0.0,0.0,0.005,0.003,0.004,0.005,0.005
MMM,0.0,0.0,0.0,0.0,0.0,0.0,0.0,0.028,0.014,0.005,0.003,0.005,0.007,0.006
PNC,0.0,0.0,0.0,0.0,0.0,0.0,0.0,0.0,0.0,0.005,0.003,0.004,0.004,0.004
MSI,0.0,0.0,0.0,0.0,0.0,0.0,0.005,0.0,0.0,0.005,0.003,0.004,0.004,0.004
USB,0.0,0.0,0.0,0.0,0.0,0.0,0.0,0.0,0.0,0.005,0.003,0.004,0.004,0.004
NOC,0.0,0.0,0.0,0.0,0.0,0.0,0.0,0.0,0.0,0.005,0.003,0.004,0.005,0.005
CVS,0.0,0.0,0.0,0.0,0.0,0.0,0.0,0.0,0.0,0.005,0.003,0.005,0.005,0.005
TGT,0.0,0.0,0.0,0.0,0.0,0.0,0.0,0.0,0.0,0.005,0.003,0.004,0.005,0.004
BDX,0.0,0.0,0.0,0.0,0.0,0.0,0.015,0.0,0.017,0.005,0.003,0.007,0.006,0.006
ITW,0.0,0.0,0.0,0.0,0.0,0.0,0.0,0.0,0.0,0.005,0.003,0.004,0.006,0.005
GD,0.0,0.0,0.0,0.0,0.0,0.0,0.0,0.0,0.0,0.005,0.003,0.004,0.005,0.005
FDX,0.0,0.0,0.0,0.0,0.0,0.0,0.0,0.0,0.0,0.005,0.003,0.004,0.005,0.004
CSX,0.0,0.0,0.0,0.0,0.0,0.0,0.0,0.0,0.0,0.005,0.003,0.004,0.005,0.004
ECL,0.0,0.0,0.0,0.0,0.0,0.0,0.0,0.0,0.0,0.005,0.003,0.005,0.006,0.006
SLB,0.0,0.0,0.0,0.0,0.0,0.0,0.0,0.0,0.0,0.005,0.002,0.004,0.004,0.004
AJG,0.0,0.0,0.0,0.0,0.0,0.0,0.0,0.0,0.006,0.005,0.003,0.006,0.006,0.006
APD,0.0,0.0,0.0,0.0,0.0,0.0,0.0,0.0,0.0,0.005,0.003,0.004,0.005,0.005
NEM,0.0,0.0,0.0,0.0,0.0,0.0,0.021,0.0,0.0,0.005,0.002,0.006,0.004,0.005
EMR,0.0,0.0,0.0,0.0,0.0,0.0,0.0,0.006,0.0,0.005,0.002,0.004,0.006,0.005
NSC,0.0,0.0,0.0,0.0,0.0,0.0,0.0,0.0,0.0,0.005,0.002,0.004,0.005,0.004
AFL,0.0,0.0,0.0,0.0,0.0,0.0,0.0,0.0,0.0,0.005,0.002,0.003,0.004,0.004
WMB,0.0,0.0,0.0,0.0,0.0,0.0,0.0,0.0,0.0,0.005,0.002,0.004,0.004,0.004
ADSK,0.0,0.0,0.0,0.0,0.0,0.0,0.0,0.0,0.0,0.005,0.002,0.003,0.003,0.003
PSA,0.201,0.0,0.185,0.0,0.2,0.0,0.018,0.0,0.009,0.005,0.003,0.006,0.005,0.005
OKE,0.0,0.0,0.0,0.0,0.0,0.0,0.0,0.0,0.0,0.005,0.002,0.005,0.004,0.005
AEP,0.0,0.0,0.0,0.0,0.0,0.0,0.0,0.042,0.009,0.005,0.002,0.007,0.007,0.007
TRV,0.0,0.0,0.0,0.0,0.0,0.0,0.0,0.0,0.0,0.005,0.002,0.004,0.005,0.005
ROST,0.0,0.0,0.0,0.0,0.0,0.0,0.0,0.0,0.0,0.005,0.002,0.004,0.003,0.004
AIG,0.0,0.0,0.0,0.0,0.0,0.0,0.0,0.0,0.0,0.005,0.002,0.003,0.003,0.003
BK,0.0,0.0,0.0,0.0,0.0,0.0,0.0,0.0,0.0,0.005,0.002,0.004,0.005,0.004
PCAR,0.0,0.0,0.0,0.0,0.0,0.0,0.0,0.0,0.0,0.005,0.002,0.003,0.004,0.003
KMB,0.0,0.0,0.0,0.0,0.0,0.0,0.0,0.031,0.006,0.005,0.002,0.006,0.007,0.006
JCI,0.0,0.0,0.0,0.0,0.0,0.0,0.0,0.0,0.0,0.005,0.002,0.004,0.005,0.004
D,0.0,0.0,0.0,0.0,0.0,0.0,0.021,0.079,0.053,0.005,0.002,0.008,0.007,0.008
VLO,0.0,0.0,0.0,0.0,0.0,0.0,0.013,0.0,0.0,0.005,0.002,0.005,0.004,0.004
LEN,0.0,0.0,0.0,0.0,0.0,0.0,0.0,0.0,0.0,0.005,0.002,0.003,0.004,0.003
LHX,0.0,0.0,0.0,0.0,0.0,0.0,0.0,0.0,0.0,0.005,0.002,0.004,0.005,0.004
F,0.0,0.0,0.0,0.0,0.0,0.0,0.0,0.0,0.0,0.005,0.002,0.003,0.003,0.003
GWW,0.0,0.0,0.0,0.0,0.0,0.0,0.0,0.0,0.0,0.005,0.002,0.005,0.005,0.005
HUM,0.0,0.0,0.0,0.0,0.0,0.0,0.0,0.0,0.0,0.005,0.002,0.004,0.004,0.004
CMI,0.0,0.0,0.0,0.0,0.0,0.0,0.0,0.0,0.0,0.005,0.002,0.003,0.004,0.003
PCG,0.044,0.0,0.0,0.0,0.008,0.0,0.0,0.0,0.0,0.005,0.002,0.007,0.004,0.005
GIS,0.0,0.0,0.0,0.0,0.0,0.0,0.014,0.045,0.039,0.005,0.002,0.007,0.007,0.007
PEG,0.0,0.0,0.0,0.0,0.0,0.0,0.014,0.024,0.016,0.005,0.002,0.008,0.006,0.007
AME,0.007,0.0,0.025,0.0,0.018,0.0,0.0,0.0,0.0,0.005,0.002,0.004,0.005,0.005
SYY,0.0,0.0,0.0,0.0,0.0,0.0,0.012,0.0,0.011,0.005,0.002,0.006,0.006,0.006
HES,0.0,0.0,0.0,0.0,0.0,0.0,0.0,0.0,0.0,0.005,0.002,0.005,0.004,0.005
EXC,0.0,0.0,0.0,0.0,0.0,0.0,0.037,0.007,0.019,0.005,0.002,0.008,0.006,0.007
OXY,0.0,0.0,0.0,0.0,0.0,0.0,0.0,0.0,0.0,0.005,0.002,0.005,0.004,0.005
EFX,0.005,0.0,0.056,0.0,0.038,0.0,0.0,0.0,0.0,0.005,0.002,0.004,0.005,0.004
NUE,0.0,0.0,0.0,0.0,0.0,0.0,0.0,0.0,0.0,0.005,0.001,0.003,0.004,0.003
BKR,0.0,0.0,0.0,0.0,0.0,0.0,0.0,0.0,0.0,0.005,0.001,0.004,0.004,0.004
DD,0.0,0.0,0.0,0.0,0.0,0.0,0.0,0.0,0.0,0.005,0.001,0.003,0.004,0.004
ED,0.0,0.0,0.0,0.0,0.0,0.0,0.032,0.036,0.024,0.005,0.001,0.009,0.007,0.008
KR,0.0,0.0,0.0,0.0,0.0,0.0,0.0,0.0,0.0,0.005,0.002,0.005,0.005,0.005
XEL,0.0,0.0,0.0,0.0,0.0,0.0,0.0,0.0,0.0,0.005,0.001,0.006,0.006,0.006
EIX,0.029,0.0,0.0,0.0,0.019,0.0,0.035,0.0,0.0,0.005,0.001,0.009,0.005,0.006
VMC,0.0,0.0,0.0,0.0,0.0,0.0,0.0,0.0,0.0,0.005,0.001,0.004,0.005,0.005
GLW,0.0,0.0,0.0,0.0,0.0,0.0,0.0,0.0,0.0,0.005,0.001,0.004,0.003,0.004
HPQ,0.067,0.0,0.02,0.0,0.047,0.0,0.0,0.0,0.0,0.005,0.001,0.005,0.004,0.005
ROK,0.0,0.0,0.019,0.0,0.009,0.0,0.0,0.0,0.0,0.005,0.001,0.003,0.004,0.004
PPG,0.0,0.0,0.0,0.0,0.0,0.0,0.0,0.0,0.0,0.005,0.001,0.004,0.006,0.004
ADM,0.0,0.0,0.0,0.0,0.0,0.0,0.0,0.0,0.0,0.005,0.001,0.005,0.005,0.005
WEC,0.138,0.0,0.159,0.0,0.156,0.0,0.0,0.054,0.015,0.005,0.001,0.008,0.007,0.007
NVR,0.0,0.0,0.0,0.0,0.0,0.0,0.0,0.0,0.0,0.005,0.001,0.005,0.002,0.003
HAL,0.0,0.0,0.0,0.0,0.0,0.0,0.0,0.0,0.0,0.005,0.001,0.004,0.003,0.004
PHM,0.0,0.0,0.0,0.0,0.0,0.0,0.0,0.0,0.0,0.005,0.001,0.003,0.003,0.003
HSY,0.0,0.0,0.0,0.0,0.0,0.0,0.061,0.022,0.04,0.005,0.002,0.008,0.006,0.007
CAH,0.0,0.0,0.0,0.0,0.0,0.0,0.0,0.0,0.0,0.005,0.001,0.005,0.005,0.005
IFF,0.0,0.0,0.0,0.0,0.0,0.0,0.0,0.003,0.006,0.005,0.001,0.005,0.006,0.006
STT,0.0,0.0,0.0,0.0,0.0,0.0,0.0,0.0,0.0,0.005,0.001,0.003,0.004,0.004
DTE,0.0,0.0,0.0,0.0,0.0,0.0,0.0,0.055,0.017,0.005,0.001,0.007,0.007,0.007
DOV,0.0,0.0,0.0,0.0,0.0,0.0,0.0,0.0,0.0,0.005,0.001,0.004,0.005,0.004
ETR,0.0,0.0,0.0,0.0,0.0,0.0,0.0,0.021,0.0,0.005,0.001,0.007,0.006,0.007
CHD,0.0,0.0,0.0,0.0,0.0,0.0,0.007,0.002,0.008,0.005,0.001,0.007,0.006,0.006
TYL,0.0,0.0,0.0,0.0,0.0,0.0,0.012,0.0,0.0,0.005,0.001,0.006,0.003,0.004
TROW,0.0,0.0,0.0,0.0,0.0,0.0,0.0,0.0,0.0,0.005,0.001,0.003,0.004,0.004
PPL,0.0,0.0,0.0,0.0,0.0,0.0,0.0,0.0,0.0,0.005,0.001,0.006,0.006,0.006
ES,0.0,0.0,0.012,0.0,0.0,0.0,0.0,0.007,0.0,0.005,0.001,0.006,0.006,0.006
WST,0.074,0.0,0.054,0.0,0.065,0.0,0.005,0.0,0.007,0.005,0.001,0.006,0.005,0.005
RJF,0.0,0.0,0.0,0.0,0.0,0.0,0.0,0.0,0.0,0.005,0.001,0.003,0.004,0.004
WY,0.0,0.0,0.0,0.0,0.0,0.0,0.0,0.0,0.0,0.005,0.001,0.003,0.005,0.004
K,0.0,0.0,0.0,0.0,0.0,0.0,0.018,0.016,0.025,0.005,0.001,0.007,0.006,0.007
HUBB,0.0,0.0,0.0,0.0,0.0,0.0,0.035,0.0,0.026,0.005,0.001,0.005,0.006,0.006
COO,0.007,0.0,0.0,0.0,0.0,0.0,0.004,0.0,0.0,0.005,0.001,0.005,0.002,0.003
TER,0.0,0.0,0.0,0.0,0.0,0.0,0.0,0.0,0.0,0.005,0.001,0.002,0.003,0.002
WDC,0.0,0.0,0.0,0.0,0.0,0.0,0.0,0.0,0.0,0.005,0.001,0.003,0.002,0.003
GPC,0.0,0.0,0.0,0.0,0.0,0.0,0.016,0.039,0.038,0.005,0.001,0.005,0.007,0.006
EQT,0.0,0.0,0.0,0.0,0.0,0.0,0.0,0.0,0.0,0.005,0.001,0.004,0.003,0.004
CMS,0.0,0.0,0.0,0.0,0.0,0.0,0.0,0.0,0.0,0.005,0.001,0.006,0.005,0.005
BALL,0.0,0.0,0.0,0.0,0.0,0.0,0.014,0.0,0.005,0.005,0.001,0.006,0.005,0.006
CLX,0.0,0.0,0.0,0.0,0.0,0.0,0.062,0.029,0.047,0.005,0.001,0.009,0.007,0.007
BBY,0.0,0.0,0.0,0.0,0.0,0.0,0.003,0.0,0.0,0.005,0.001,0.004,0.003,0.003
ATO,0.0,0.0,0.0,0.0,0.0,0.0,0.0,0.01,0.0,0.005,0.001,0.006,0.006,0.006
BAX,0.0,0.0,0.0,0.0,0.0,0.0,0.011,0.0,0.004,0.005,0.001,0.006,0.006,0.006
TSN,0.0,0.0,0.0,0.0,0.0,0.0,0.0,0.0,0.0,0.005,0.001,0.004,0.004,0.004
WRB,0.0,0.0,0.0,0.0,0.0,0.0,0.0,0.0,0.0,0.005,0.001,0.005,0.004,0.005
TXT,0.0,0.0,0.0,0.0,0.0,0.0,0.0,0.0,0.0,0.005,0.001,0.003,0.004,0.003
AVY,0.0,0.0,0.0,0.0,0.0,0.0,0.0,0.0,0.0,0.005,0.001,0.004,0.005,0.005
MAS,0.0,0.0,0.0,0.0,0.0,0.0,0.0,0.0,0.0,0.005,0.001,0.003,0.004,0.003
SWKS,0.0,0.0,0.0,0.0,0.0,0.0,0.0,0.0,0.0,0.005,0.001,0.003,0.002,0.003
CNP,0.0,0.0,0.0,0.0,0.0,0.0,0.0,0.0,0.0,0.005,0.001,0.006,0.005,0.006
LUV,0.0,0.0,0.0,0.0,0.0,0.0,0.0,0.0,0.0,0.005,0.001,0.004,0.004,0.004
IP,0.0,0.0,0.0,0.0,0.0,0.0,0.0,0.0,0.0,0.005,0.001,0.003,0.004,0.004
CCL,0.0,0.0,0.0,0.0,0.0,0.0,0.0,0.0,0.0,0.005,0.001,0.003,0.003,0.003
MRO,0.0,0.0,0.0,0.0,0.0,0.0,0.0,0.0,0.0,0.005,0.001,0.004,0.004,0.004
KEY,0.0,0.0,0.0,0.0,0.0,0.0,0.0,0.0,0.0,0.005,0.001,0.004,0.004,0.004
SWK,0.0,0.0,0.0,0.0,0.0,0.0,0.0,0.0,0.0,0.005,0.001,0.003,0.005,0.004
DOC,0.0,0.0,0.0,0.0,0.0,0.0,0.0,0.0,0.0,0.005,0.001,0.005,0.005,0.005
IEX,0.0,0.0,0.0,0.0,0.0,0.0,0.0,0.0,0.0,0.005,0.001,0.004,0.005,0.004
RVTY,0.0,0.0,0.0,0.0,0.0,0.0,0.006,0.0,0.0,0.005,0.001,0.005,0.004,0.005
L,0.0,0.0,0.0,0.0,0.0,0.0,0.0,0.013,0.001,0.005,0.001,0.005,0.006,0.005
SNA,0.0,0.0,0.0,0.0,0.0,0.0,0.0,0.0,0.0,0.005,0.001,0.004,0.005,0.004
CAG,0.0,0.0,0.0,0.0,0.0,0.0,0.0,0.0,0.0,0.005,0.001,0.005,0.006,0.006
NI,0.0,0.0,0.0,0.0,0.0,0.0,0.0,0.005,0.0,0.005,0.001,0.005,0.006,0.006
LNT,0.0,0.0,0.0,0.0,0.0,0.0,0.0,0.038,0.014,0.005,0.001,0.007,0.007,0.007
VTRS,0.0,0.0,0.0,0.0,0.0,0.0,0.0,0.0,0.0,0.005,0.001,0.004,0.004,0.004
PNR,0.0,0.0,0.0,0.0,0.0,0.0,0.0,0.0,0.0,0.005,0.001,0.004,0.005,0.004
ROL,0.002,0.0,0.0,0.0,0.0,0.0,0.079,0.0,0.043,0.005,0.001,0.01,0.006,0.007
EVRG,0.0,0.0,0.0,0.0,0.0,0.0,0.0,0.022,0.003,0.005,0.001,0.007,0.006,0.007
HST,0.0,0.0,0.0,0.0,0.0,0.0,0.0,0.0,0.0,0.005,0.001,0.003,0.003,0.003
IPG,0.0,0.0,0.0,0.0,0.0,0.0,0.0,0.0,0.0,0.005,0.0,0.003,0.004,0.004
TFX,0.0,0.0,0.0,0.0,0.0,0.0,0.0,0.0,0.0,0.005,0.0,0.004,0.005,0.005
APA,0.0,0.0,0.0,0.0,0.0,0.0,0.0,0.0,0.0,0.005,0.0,0.004,0.003,0.004
AOS,0.0,0.0,0.0,0.0,0.0,0.0,0.0,0.0,0.0,0.005,0.0,0.004,0.004,0.004
TAP,0.0,0.0,0.0,0.0,0.0,0.0,0.0,0.0,0.0,0.005,0.0,0.006,0.005,0.005
PNW,0.0,0.0,0.0,0.0,0.0,0.0,0.0,0.0,0.0,0.005,0.0,0.006,0.006,0.006
CPB,0.0,0.0,0.0,0.0,0.0,0.0,0.0,0.0,0.0,0.005,0.001,0.006,0.006,0.006
MOS,0.0,0.0,0.0,0.0,0.0,0.0,0.0,0.0,0.0,0.005,0.0,0.003,0.003,0.003
HRL,0.0,0.0,0.0,0.0,0.0,0.0,0.01,0.0,0.012,0.005,0.001,0.007,0.006,0.006
GL,0.0,0.0,0.0,0.0,0.0,0.0,0.0,0.0,0.0,0.005,0.0,0.004,0.005,0.004
HAS,0.0,0.0,0.0,0.0,0.0,0.0,0.0,0.0,0.0,0.005,0.0,0.004,0.004,0.004
FRT,0.0,0.0,0.0,0.0,0.0,0.0,0.011,0.0,0.016,0.005,0.0,0.006,0.005,0.006
FMC,0.0,0.0,0.0,0.0,0.0,0.0,0.0,0.0,0.0,0.005,0.0,0.004,0.005,0.004
BBWI,0.0,0.0,0.0,0.0,0.0,0.0,0.0,0.0,0.0,0.005,0.0,0.003,0.003,0.003
BIO,0.058,0.0,0.038,0.0,0.049,0.0,0.0,0.0,0.0,0.005,0.0,0.005,0.004,0.005
WBA,0.0,0.0,0.0,0.0,0.0,0.0,0.0,0.0,0.0,0.005,0.0,0.005,0.005,0.005
BEN,0.0,0.0,0.0,0.0,0.0,0.0,0.0,0.0,0.0,0.005,0.0,0.003,0.004,0.003
