,MSR_Sample_Average,MSR_Sample_EWA,MSR_CCM_Average,MSR_CCM_EWA,MSR_Shrinage_Average,MSR_Shrinage_EWA,GMV_Sample,GMV_CCM,GMV_Shrinage,EW,CW,ERC_Sample,ERC_CCM,ERC_Shrinage
SAP.DE,1.0,1.0,1.0,1.0,1.0,1.0,0.108,0.092,0.105,0.083,0.262,0.093,0.087,0.091
SIE.DE,0.0,0.0,0.0,0.0,0.0,0.0,0.0,0.117,0.062,0.083,0.161,0.078,0.09,0.084
DTE.DE,0.0,0.0,0.0,0.0,0.0,0.0,0.25,0.106,0.192,0.083,0.146,0.12,0.089,0.103
ALV.DE,0.0,0.0,0.0,0.0,0.0,0.0,0.0,0.074,0.007,0.083,0.128,0.072,0.085,0.079
MBG.DE,0.0,0.0,0.0,0.0,0.0,0.0,0.0,0.011,0.0,0.083,0.07,0.068,0.079,0.073
BMW.DE,0.0,0.0,0.0,0.0,0.0,0.0,0.11,0.081,0.091,0.083,0.057,0.082,0.086,0.084
BAS.DE,0.0,0.0,0.0,0.0,0.0,0.0,0.157,0.171,0.156,0.083,0.047,0.083,0.094,0.088
DBK.DE,0.0,0.0,0.0,0.0,0.0,0.0,0.011,0.0,0.0,0.083,0.034,0.069,0.073,0.071
BAYN.DE,0.0,0.0,0.0,0.0,0.0,0.0,0.13,0.243,0.204,0.083,0.033,0.095,0.1,0.098
RWE.DE,0.0,0.0,0.0,0.0,0.0,0.0,0.235,0.105,0.183,0.083,0.028,0.118,0.089,0.102
CBK.DE,0.0,0.0,0.0,0.0,0.0,0.0,0.0,0.0,0.0,0.083,0.022,0.057,0.06,0.059
CON.DE,0.0,0.0,0.0,0.0,0.0,0.0,0.0,0.0,0.0,0.083,0.013,0.065,0.068,0.067
