,MSR_Sample_Average,MSR_Sample_EWA,MSR_CCM_Average,MSR_CCM_EWA,MSR_Shrinage_Average,MSR_Shrinage_EWA,GMV_Sample,GMV_CCM,GMV_Shrinage,EW,CW,ERC_Sample,ERC_CCM,ERC_Shrinage
AAPL,0.0,0.0,0.0,0.0,0.0,0.0,0.014,0.0,0.0,0.043,0.291,0.035,0.028,0.031
MSFT,0.101,0.152,0.0,0.047,0.047,0.103,0.032,0.001,0.024,0.043,0.27,0.039,0.04,0.04
WMT,0.0,0.0,0.0,0.0,0.0,0.0,0.113,0.089,0.098,0.043,0.054,0.052,0.051,0.052
JPM,0.0,0.0,0.0,0.0,0.0,0.0,0.0,0.0,0.0,0.043,0.05,0.032,0.035,0.033
PG,0.805,0.693,0.755,0.645,0.795,0.675,0.125,0.133,0.121,0.043,0.034,0.058,0.056,0.057
JNJ,0.0,0.0,0.0,0.0,0.0,0.0,0.056,0.111,0.087,0.043,0.033,0.052,0.053,0.053
HD,0.0,0.003,0.0,0.011,0.0,0.014,0.0,0.014,0.017,0.043,0.033,0.038,0.042,0.04
KO,0.0,0.0,0.047,0.034,0.0,0.0,0.111,0.136,0.125,0.043,0.026,0.06,0.056,0.058
MRK,0.0,0.0,0.0,0.018,0.0,0.0,0.004,0.038,0.024,0.043,0.024,0.047,0.045,0.046
CVX,0.0,0.0,0.0,0.0,0.0,0.0,0.144,0.08,0.114,0.043,0.022,0.055,0.05,0.053
MCD,0.022,0.041,0.111,0.119,0.074,0.086,0.034,0.077,0.06,0.043,0.018,0.046,0.05,0.048
IBM,0.0,0.0,0.0,0.0,0.0,0.0,0.053,0.027,0.045,0.043,0.017,0.042,0.043,0.043
AXP,0.0,0.0,0.0,0.0,0.0,0.0,0.0,0.0,0.0,0.043,0.016,0.032,0.034,0.033
VZ,0.0,0.0,0.0,0.0,0.0,0.0,0.116,0.078,0.09,0.043,0.016,0.057,0.05,0.053
AMGN,0.0,0.0,0.0,0.0,0.0,0.0,0.039,0.0,0.005,0.043,0.014,0.043,0.035,0.039
CAT,0.0,0.0,0.0,0.0,0.0,0.0,0.0,0.0,0.0,0.043,0.016,0.032,0.038,0.035
DIS,0.0,0.0,0.0,0.0,0.0,0.0,0.043,0.058,0.053,0.043,0.015,0.041,0.047,0.044
HON,0.0,0.0,0.0,0.0,0.0,0.0,0.0,0.023,0.0,0.043,0.011,0.035,0.043,0.039
NKE,0.071,0.112,0.087,0.127,0.085,0.123,0.0,0.0,0.0,0.043,0.011,0.035,0.036,0.036
INTC,0.0,0.0,0.0,0.0,0.0,0.0,0.0,0.0,0.0,0.043,0.009,0.033,0.032,0.032
BA,0.0,0.0,0.0,0.0,0.0,0.0,0.08,0.002,0.04,0.043,0.008,0.048,0.04,0.044
MMM,0.0,0.0,0.0,0.0,0.0,0.0,0.029,0.108,0.077,0.043,0.006,0.045,0.053,0.049
TRV,0.0,0.0,0.0,0.0,0.0,0.0,0.008,0.025,0.02,0.043,0.005,0.041,0.043,0.042
